Algorithm: Decision Tree (ID3)
Timestamp: 2025-12-05 04:16:00
Train time: 8.89058s
Accuracy: 0.837142
Macro-F1: 0.765927
SLOC: 245
Parameters:
  max_depth: 4
  n_bins: 12
  target: income
