Algorithm: Logistic Regression (binary)
Timestamp: 2025-12-05 04:14:50
Train time: 22.7756s
Accuracy: 0.813297
Macro-F1: 0.71187
SLOC: 187
Parameters:
  epochs: 400
  l2: 0.030000
  lr: 0.200000
  seed: 7
  target: income
